2 1660.018798828125 542.00390625 93.7987060546875 50.4759521484375
2 1506.0057373046875 506.73748779296875 81.982666015625 51.069549560546875
2 1352.303466796875 392.0360412597656 53.79052734375 31.7120361328125
2 1167.9468994140625 323.4672546386719 35.694580078125 25.93304443359375
2 1134.1346435546875 286.00506591796875 32.742919921875 21.764801025390625
2 1267.146728515625 348.56561279296875 44.1195068359375 26.933013916015625
3 1714.078857421875 631.0074462890625 45.6767578125 44.718017578125
2 1072.5787353515625 269.13690185546875 29.055908203125 28.548797607421875
0 1713.681884765625 607.575927734375 22.58203125 33.89154052734375
2 1039.5787353515625 242.51165771484375 16.72119140625 12.02838134765625
