2 1505.915771484375 511.470703125 83.810302734375 43.895416259765625
2 1555.9295654296875 487.4414978027344 81.90380859375 48.04229736328125
2 1320.7276611328125 401.28143310546875 67.705810546875 42.637481689453125
2 1211.4716796875 349.4100036621094 41.53515625 26.81195068359375
2 1899.392578125 737.7349243164062 39.642333984375 55.430419921875
2 1112.291748046875 295.4800720214844 27.907470703125 19.50933837890625
2 1190.215576171875 307.66748046875 43.3917236328125 26.500274658203125
2 1087.84423828125 262.0465087890625 24.05712890625 18.346481323242188
2 1266.09619140625 345.0068359375 52.9412841796875 31.996856689453125
2 1040.971923828125 259.3480529785156 18.9283447265625 19.675552368164062
