2 1652.889892578125 572.845703125 115.0400390625 62.34503173828125
2 1541.6016845703125 472.87255859375 76.757080078125 42.184478759765625
2 1358.306884765625 422.8981018066406 62.2171630859375 38.28094482421875
2 1172.4991455078125 324.996337890625 41.798583984375 26.2374267578125
2 1347.750244140625 384.5201110839844 49.1619873046875 31.85009765625
2 1125.74462890625 302.48724365234375 30.80712890625 25.447998046875
2 1234.7294921875 327.4953918457031 47.4820556640625 30.33380126953125
2 1057.317138671875 268.5281066894531 25.1524658203125 15.4866943359375
2 1010.8555297851562 238.92706298828125 26.9146728515625 15.874832153320312
2 961.9383544921875 209.96607971191406 25.0667724609375 21.796051025390625
