2 1832.6121826171875 616.3367309570312 123.26513671875 62.8914794921875
2 1640.13720703125 521.79736328125 92.335693359375 53.013397216796875
2 1876.405029296875 712.6864013671875 85.6241455078125 87.4405517578125
2 1198.12109375 337.1927490234375 38.1771240234375 26.540496826171875
2 1251.06396484375 365.9061584472656 45.2398681640625 25.93780517578125
7 1497.240478515625 487.564453125 103.9544677734375 67.43533325195312
2 1106.1329345703125 291.3170166015625 50.5546875 30.678466796875
0 1359.8580322265625 394.36669921875 18.199951171875 30.158935546875
2 999.8025512695312 234.20846557617188 19.14404296875 18.785797119140625
2 1302.052001953125 357.75433349609375 33.299560546875 26.779266357421875
2 1100.860595703125 288.3453369140625 41.848388671875 28.18212890625
