2 1872.34814453125 729.8951416015625 93.7818603515625 92.31793212890625
2 1504.300048828125 516.0223388671875 98.9132080078125 50.527008056640625
2 1189.468505859375 334.2830810546875 46.0733642578125 30.375274658203125
2 1176.25048828125 309.31396484375 34.7901611328125 21.584930419921875
2 1092.0670166015625 284.96807861328125 29.989013671875 23.200653076171875
2 1134.487060546875 288.5526428222656 26.8216552734375 16.734130859375
2 1013.840087890625 238.22451782226562 31.79510498046875 18.564971923828125
2 1051.5625 261.52447509765625 29.8319091796875 17.850860595703125
7 1306.10107421875 363.87860107421875 66.9114990234375 37.513092041015625
2 1306.50244140625 363.59912109375 66.654541015625 37.13323974609375
2 1084.57177734375 282.5103454589844 44.7366943359375 26.59967041015625
2 1563.29833984375 488.07330322265625 108.2017822265625 54.638824462890625
