2 1208.509765625 324.5939636230469 38.5286865234375 23.090576171875
2 1787.6064453125 661.8458251953125 127.9024658203125 69.35504150390625
2 1292.68310546875 393.5049133300781 53.2327880859375 30.59033203125
2 1352.690185546875 386.0230407714844 52.379150390625 36.3753662109375
2 1116.7939453125 300.52630615234375 37.078857421875 21.902435302734375
2 1068.450439453125 273.87689208984375 32.6778564453125 17.142608642578125
2 38.4184684753418 281.036865234375 46.80610656738281 21.490631103515625
7 1352.6064453125 385.97869873046875 52.7186279296875 36.842559814453125
2 1088.877685546875 265.9443664550781 24.8734130859375 17.1240234375
7 1787.2275390625 661.393310546875 129.4874267578125 69.317138671875
2 1040.3173828125 240.60324096679688 26.4990234375 16.636871337890625
